-0.5464313209264651
0.947026745566609
-0.46232860578919355
-0.08077573852655451
0.12759891133815038
0.08484569562655042
-0.012471047660483126
0.6653371878414083
0.7634419011862179
0.41488580339682035
-0.6477895456362126
0.5184655568327297
0.7025222367693147
-0.4515008509884515
-0.04768749581758036
-0.8760898430694102
0.98841759944047
-0.2273400930276649
-0.5065569552765534
-0.5198937596553246
0.025926630302164577
0.2567895946740206
-0.5072194803510985
0.24548221130029946
0.606498540007723
0.31792157746437644
0.7411895164757603
-0.1734244110108889
0.513504912925494
0.7623175249869556
-0.16229413323391273
0.47142171284643464
0.5148727426723465
-0.7126876906797366
-0.9752734480004992
0.9583051733354384
0.6254781300202021
-0.583886952309123
0.8231504718633953
-0.37778345200773344
0.6153965162457085
-0.8362678367322138
-0.36414734753301814
-0.03657185249378625
-0.9287543415451018
-0.6963083951646132
0.510052236993362
-0.2896862642773592
0.5004711410383442
0.14001953219089525
-0.627079705674233
0.12825980127247694
-0.8463727634896712
0.00910339932591886
-0.41259884210086883
0.5054570215515362
-0.06480467127231493
-0.8430490276071756
0.2724389154856659
0.9086453863404123
-0.2606574311649601
-0.025438104637455883
-0.6244651102057945
-0.013113069342608252
-0.5352983645956295
0.022147373660096115
-0.5830430683642678
-0.8094907627812671
0.02461028004847643
0.025494852509305943
0.4298223929227041
-0.9005665514010031
0.02083882602256648
0.6438771751108532
0.4780039772271325
-0.41180779377633114
-0.8732666011417018
-0.5341130046683322
0.6348275220680093
0.5565320816378465
0.1916842848893383
-0.5689479132412256
0.782291747321535
0.20556931815385981
0.572540046657616
-0.8869337104476939
0.8107207868841391
0.09758362795900344
-0.3049295244455408
-0.4491178773044968
-0.7496673397030689
0.78232052347347
-0.9605239784051941
-0.7401126240354221
0.9934158426379727
0.5604791811622114
-0.6707916158772422
0.8981700497600751
-0.30454843897896455
-0.9385249536659378
0.8637290606796468
-0.866549849763486
-0.621301672866662
-0.08807460957035906
-0.87228906174472
0.047240787190478084
0.7782155355731362
-0.2282913806746969
-0.21302186858050742
-0.8337507293641409
0.14777098887083362
-0.41170756438337497
0.10669976127519387
0.6318770435327075
0.05394567148569607
-0.6615648438461166
0.8145686890098534
0.8777565069443121
-0.32340340823194125
0.0879025689741435
-0.3218404258506431
0.2615841124896332
0.6142169435661631
0.4844392485947939
-0.5850918818406594
-0.4841238899749041
